00000000
00000000
00000000
00000000
00000000
00000000
00000000
00000000
00000000
00000000
00000000
00000000
00000000
00000000
00000000
00000000
00000000
00000000
00000000
00000000
00000000
00000000
00000000
00000000
00000000
00000000
00000000
00000000
00000000
00000000
00000000
00000000
00000000
00000000
00000000
00000000
00000000
00000000
00000000
00000000
00000000
00000000
00000000
00000000
00000000
00000000
00000000
00000000
00000000
00000000
00000000
00000000
00000000
00000000
00000000
00000000
00000000
00000000
00000000
00000000
00000000
00000000
00000000
00000000
00000000
00000000
00000000
00000000
00000000
00000000
00000000
00000000
00000000
00000000
00000000
00000000
00000000
00000000
00000000
00000000
00000000
00000000
00000000
00000000
00000000
00000000
00000000
00000000
00000000
00000000
00000000
00000000
00000000
00000000
00000000
00000000
00000000
00000000
00000000
00000000
00000000
00000000
00000000
00000000
00000000
00000000
00000000
00000000
00000000
00000000
00000000
00000000
00000000
00000000
00000000
00000000
00000000
00000000
00000000
00000000
00000000
00000000
00000000
00000000
00000000
00000000
00000000
00000000
00000000
00000000
00000000
00000000
00000000
00000000
01000110
01000110
01000110
01000110
01000110
01000110
00000000
00000000
00000000
00000000
00000000
01101100
01101100
01101100
01101100
01101100
01101100
00000000
00000000
00000000
00000000
00000000
01100101
01100101
01100101
01100101
01100101
01100101
00000000
00000000
00000000
00000000
00000000
01111001
01111001
01111001
01111001
01111001
01111001
00000000
00000000
00000000
00000000
00000000
01001011
01001011
01001011
01001011
01001011
01001011
00000000
00000000
00000000
00000000
00000000
00000000
00000000
00000000
00000000
00000000
00000000
00000000
00000000
00000000
00000000
00000000
01000000
01000000
01000000
01000000
01000000
01000000
00000000
00000000
00000000
00000000
00000000
01100111
01100111
01100111
01100111
01100111
01100111
00000000
00000000
00000000
00000000
00000000
01100010
01100010
01100010
01100010
01100010
01100010
00000000
00000000
00000000
00000000
00000000
01110110
01110110
01110110
01110110
01110110
01110110
00000000
00000000
00000000
00000000
00000000
01001101
01001101
01001101
01001101
01001101
01001101
00000000
00000000
00000000
00000000
00000000
00000000
00000000
00000000
00000000
00000000
00000000
00000000
00000000
00000000
00000000
00000000
01001001
01001001
01001001
01001001
01001001
01001001
00000000
00000000
00000000
00000000
00000000
01100011
01100011
01100011
01100011
01100011
01100011
00000000
00000000
00000000
00000000
00000000
01100000
01100000
01100000
01100000
01100000
01100000
00000000
00000000
00000000
00000000
00000000
01111110
01111110
01111110
01111110
01111110
01111110
00000000
00000000
00000000
00000000
00000000
00111011
00111011
00111011
00111011
00111011
00111011
00000000
00000000
00000000
00000000
00000000
00000000
00000000
00000000
00000000
00000000
00000000
00000000
00000000
00000000
00000000
00000000
01001000
01001000
01001000
01001000
01001000
01001000
00000000
00000000
00000000
00000000
00000000
01100101
01100101
01100101
01100101
01100101
01100101
00000000
00000000
00000000
00000000
00000000
01100000
01100000
01100000
01100000
01100000
01100000
00000000
00000000
00000000
00000000
00000000
01111010
01111010
01111010
01111010
01111010
01111010
00000000
00000000
00000000
00000000
00000000
00101000
00101000
00101000
00101000
00101000
00101000
00000000
00000000
00000000
00000000
00000000
00000000
00000000
00000000
00000000
00000000
00000000
00000000
00000000
00000000
00000000
00000000
01000111
01000111
01000111
01000111
01000111
01000111
00000000
00000000
00000000
00000000
00000000
01011111
01011111
01011111
01011111
01011111
01011111
00000000
00000000
00000000
00000000
00000000
01100000
01100000
01100000
01100000
01100000
01100000
00000000
00000000
00000000
00000000
00000000
01111000
01111000
01111000
01111000
01111000
01111000
00000000
00000000
00000000
00000000
00000000
00101001
00101001
00101001
00101001
00101001
00101001
00000000
00000000
00000000
00000000
00000000
00000000
00000000
00000000
00000000
00000000
00000000
00000000
00000000
00000000
00000000
00000000
01000111
01000111
01000111
01000111
01000111
01000111
00000000
00000000
00000000
00000000
00000000
01011001
01011001
01011001
01011001
01011001
01011001
00000000
00000000
00000000
00000000
00000000
01011010
01011010
01011010
01011010
01011010
01011010
00000000
00000000
00000000
00000000
00000000
01110011
01110011
01110011
01110011
01110011
01110011
00000000
00000000
00000000
00000000
00000000
00111001
00111001
00111001
00111001
00111001
00111001
00000000
00000000
00000000
00000000
00000000
00000000
00000000
00000000
00000000
00000000
00000000
00000000
00000000
00000000
00000000
00000000
00111111
00111111
00111111
00111111
00111111
00111111
00000000
00000000
00000000
00000000
00000000
01011100
01011100
01011100
01011100
01011100
01011100
00000000
00000000
00000000
00000000
00000000
01001000
01001000
01001000
01001000
01001000
01001000
00000000
00000000
00000000
00000000
00000000
01110011
01110011
01110011
01110011
01110011
01110011
00000000
00000000
00000000
00000000
00000000
01110011
01110011
01110011
01110011
01110011
01110011
00000000
00000000
00000000
00000000
00000000
00000000
00000000
00000000
00000000
00000000
00000000
00000000
00000000
00000000
00000000
00000000
00111100
00111100
00111100
00111100
00111100
00111100
00000000
00000000
00000000
00000000
00000000
01101000
01101000
01101000
01101000
01101000
01101000
00000000
00000000
00000000
00000000
00000000
01001000
01001000
01001000
01001000
01001000
01001000
00000000
00000000
00000000
00000000
00000000
01110100
01110100
01110100
01110100
01110100
01110100
00000000
00000000
00000000
00000000
00000000
01110001
01110001
01110001
01110001
01110001
01110001
00000000
00000000
00000000
00000000
00000000
00000000
00000000
00000000
00000000
00000000
00000000
00000000
00000000
00000000
00000000
00000000
00111010
00111010
00111010
00111010
00111010
00111010
00000000
00000000
00000000
00000000
00000000
01011001
01011001
01011001
01011001
01011001
01011001
00000000
00000000
00000000
00000000
00000000
01000011
01000011
01000011
01000011
01000011
01000011
00000000
00000000
00000000
00000000
00000000
01111000
01111000
01111000
01111000
01111000
01111000
00000000
00000000
00000000
00000000
00000000
01110100
01110100
01110100
01110100
01110100
01110100
00000000
00000000
00000000
00000000
00000000
00000000
00000000
00000000
00000000
00000000
00000000
00000000
00000000
00000000
00000000
00000000
00111111
00111111
00111111
00111111
00111111
00111111
00000000
00000000
00000000
00000000
00000000
01001011
01001011
01001011
01001011
01001011
01001011
00000000
00000000
00000000
00000000
00000000
01011001
01011001
01011001
01011001
01011001
01011001
00000000
00000000
00000000
00000000
00000000
01111100
01111100
01111100
01111100
01111100
01111100
00000000
00000000
00000000
00000000
00000000
01111011
01111011
01111011
01111011
01111011
01111011
00000000
00000000
00000000
00000000
00000000
00000000
00000000
00000000
00000000
00000000
00000000
00000000
00000000
00000000
00000000
00000000
00111111
00111111
00111111
00111111
00111111
00111111
00000000
00000000
00000000
00000000
00000000
01011000
01011000
01011000
01011000
01011000
01011000
00000000
00000000
00000000
00000000
00000000
01101010
01101010
01101010
01101010
01101010
01101010
00000000
00000000
00000000
00000000
00000000
01110110
01110110
01110110
01110110
01110110
01110110
00000000
00000000
00000000
00000000
00000000
01111100
01111100
01111100
01111100
01111100
01111100
00000000
00000000
00000000
00000000
00000000
00000000
00000000
00000000
00000000
00000000
00000000
00000000
00000000
00000000
00000000
00000000
00111101
00111101
00111101
00111101
00111101
00111101
00000000
00000000
00000000
00000000
00000000
01011011
01011011
01011011
01011011
01011011
01011011
00000000
00000000
00000000
00000000
00000000
01000100
01000100
01000100
01000100
01000100
01000100
00000000
00000000
00000000
00000000
00000000
01111010
01111010
01111010
01111010
01111010
01111010
00000000
00000000
00000000
00000000
00000000
01000000
01000000
01000000
01000000
01000000
01000000
00000000
00000000
00000000
00000000
00000000
00000000
00000000
00000000
00000000
00000000
00000000
00000000
00000000
00000000
00000000
00000000
00111010
00111010
00111010
00111010
00111010
00111010
00000000
00000000
00000000
00000000
00000000
01010000
01010000
01010000
01010000
01010000
01010000
00000000
00000000
00000000
00000000
00000000
00111110
00111110
00111110
00111110
00111110
00111110
00000000
00000000
00000000
00000000
00000000
01111011
01111011
01111011
01111011
01111011
01111011
00000000
00000000
00000000
00000000
00000000
00001011
00001011
00001011
00001011
00001011
00001011
00000000
00000000
00000000
00000000
00000000
00000000
00000000
00000000
00000000
00000000
00000000
00000000
00000000
00000000
00000000
00000000
00111111
00111111
00111111
00111111
00111111
00111111
00000000
00000000
00000000
00000000
00000000
01100000
01100000
01100000
01100000
01100000
01100000
00000000
00000000
00000000
00000000
00000000
01010101
01010101
01010101
01010101
01010101
01010101
00000000
00000000
00000000
00000000
00000000
01111001
01111001
01111001
01111001
01111001
01111001
00000000
00000000
00000000
00000000
00000000
00001111
00001111
00001111
00001111
00001111
00001111
00000000
00000000
00000000
00000000
00000000
00000000
00000000
00000000
00000000
00000000
00000000
00000000
00000000
00000000
00000000
00000000
00110011
00110011
00110011
00110011
00110011
00110011
00000000
00000000
00000000
00000000
00000000
01001010
01001010
01001010
01001010
01001010
01001010
00000000
00000000
00000000
00000000
00000000
01000110
01000110
01000110
01000110
01000110
01000110
00000000
00000000
00000000
00000000
00000000
01111100
01111100
01111100
01111100
01111100
01111100
00000000
00000000
00000000
00000000
00000000
00010111
00010111
00010111
00010111
00010111
00010111
00000000
00000000
00000000
00000000
00000000
00000000
00000000
00000000
00000000
00000000
00000000
00000000
00000000
00000000
00000000
00000000
00111011
00111011
00111011
00111011
00111011
00111011
00000000
00000000
00000000
00000000
00000000
01100101
01100101
01100101
01100101
01100101
01100101
00000000
00000000
00000000
00000000
00000000
01010110
01010110
01010110
01010110
01010110
01010110
00000000
00000000
00000000
00000000
00000000
01110100
01110100
01110100
01110100
01110100
01110100
00000000
00000000
00000000
00000000
00000000
00011000
00011000
00011000
00011000
00011000
00011000
00000000
00000000
00000000
00000000
00000000
00000000
00000000
00000000
00000000
00000000
00000000
00000000
00000000
00000000
00000000
00000000
00111110
00111110
00111110
00111110
00111110
00111110
00000000
00000000
00000000
00000000
00000000
01010001
01010001
01010001
01010001
01010001
01010001
00000000
00000000
00000000
00000000
00000000
01101001
01101001
01101001
01101001
01101001
01101001
00000000
00000000
00000000
00000000
00000000
01101101
01101101
01101101
01101101
01101101
01101101
00000000
00000000
00000000
00000000
00000000
00010110
00010110
00010110
00010110
00010110
00010110
00000000
00000000
00000000
00000000
00000000
00000000
00000000
00000000
00000000
00000000
00000000
00000000
00000000
00000000
00000000
00000000
00111111
00111111
00111111
00111111
00111111
00111111
00000000
00000000
00000000
00000000
00000000
01010110
01010110
01010110
01010110
01010110
01010110
00000000
00000000
00000000
00000000
00000000
01011110
01011110
01011110
01011110
01011110
01011110
00000000
00000000
00000000
00000000
00000000
00111110
00111110
00111110
00111110
00111110
00111110
00000000
00000000
00000000
00000000
00000000
00010111
00010111
00010111
00010111
00010111
00010111
00000000
00000000
00000000
00000000
00000000
00000000
00000000
00000000
00000000
00000000
00000000
00000000
00000000
00000000
00000000
00000000
01000001
01000001
01000001
01000001
01000001
01000001
00000000
00000000
00000000
00000000
00000000
01011001
01011001
01011001
01011001
01011001
01011001
00000000
00000000
00000000
00000000
00000000
01011100
01011100
01011100
01011100
01011100
01011100
00000000
00000000
00000000
00000000
00000000
01000101
01000101
01000101
01000101
01000101
01000101
00000000
00000000
00000000
00000000
00000000
00011010
00011010
00011010
00011010
00011010
00011010
00000000
00000000
00000000
00000000
00000000
00000000
00000000
00000000
00000000
00000000
00000000
00000000
00000000
00000000
00000000
00000000
00111110
00111110
00111110
00111110
00111110
00111110
00000000
00000000
00000000
00000000
00000000
01010010
01010010
01010010
01010010
01010010
01010010
00000000
00000000
00000000
00000000
00000000
01111100
01111100
01111100
01111100
01111100
01111100
00000000
00000000
00000000
00000000
00000000
01001001
01001001
01001001
01001001
01001001
01001001
00000000
00000000
00000000
00000000
00000000
00010110
00010110
00010110
00010110
00010110
00010110
00000000
00000000
00000000
00000000
00000000
00000000
00000000
00000000
00000000
00000000
00000000
00000000
00000000
00000000
00000000
00000000
00111100
00111100
00111100
00111100
00111100
00111100
00000000
00000000
00000000
00000000
00000000
01101111
01101111
01101111
01101111
01101111
01101111
00000000
00000000
00000000
00000000
00000000
01111010
01111010
01111010
01111010
01111010
01111010
00000000
00000000
00000000
00000000
00000000
01001010
01001010
01001010
01001010
01001010
01001010
00000000
00000000
00000000
00000000
00000000
00010001
00010001
00010001
00010001
00010001
00010001
00000000
00000000
00000000
00000000
00000000
00000000
00000000
00000000
00000000
00000000
00000000
00000000
00000000
00000000
00000000
00000000
00110111
00110111
00110111
00110111
00110111
00110111
00000000
00000000
00000000
00000000
00000000
01111001
01111001
01111001
01111001
01111001
01111001
00000000
00000000
00000000
00000000
00000000
01100010
01100010
01100010
01100010
01100010
01100010
00000000
00000000
00000000
00000000
00000000
01000011
01000011
01000011
01000011
01000011
01000011
00000000
00000000
00000000
00000000
00000000
00011111
00011111
00011111
00011111
00011111
00011111
00000000
00000000
00000000
00000000
00000000
00000000
00000000
00000000
00000000
00000000
00000000
00000000
00000000
00000000
00000000
00000000
00111110
00111110
00111110
00111110
00111110
00111110
00000000
00000000
00000000
00000000
00000000
01011000
01011000
01011000
01011000
01011000
01011000
00000000
00000000
00000000
00000000
00000000
00110011
00110011
00110011
00110011
00110011
00110011
00000000
00000000
00000000
00000000
00000000
00111110
00111110
00111110
00111110
00111110
00111110
00000000
00000000
00000000
00000000
00000000
00010011
00010011
00010011
00010011
00010011
00010011
00000000
00000000
00000000
00000000
00000000
00000000
00000000
00000000
00000000
00000000
00000000
00000000
00000000
00000000
00000000
00000000
00111100
00111100
00111100
00111100
00111100
00111100
00000000
00000000
00000000
00000000
00000000
01110000
01110000
01110000
01110000
01110000
01110000
00000000
00000000
00000000
00000000
00000000
01000001
01000001
01000001
01000001
01000001
01000001
00000000
00000000
00000000
00000000
00000000
01000011
01000011
01000011
01000011
01000011
01000011
00000000
00000000
00000000
00000000
00000000
00011001
00011001
00011001
00011001
00011001
00011001
00000000
00000000
00000000
00000000
00000000
00000000
00000000
00000000
00000000
00000000
00000000
00000000
00000000
00000000
00000000
00000000
00110011
00110011
00110011
00110011
00110011
00110011
00000000
00000000
00000000
00000000
00000000
00111111
00111111
00111111
00111111
00111111
00111111
00000000
00000000
00000000
00000000
00000000
01000101
01000101
01000101
01000101
01000101
01000101
00000000
00000000
00000000
00000000
00000000
00100000
00100000
00100000
00100000
00100000
00100000
00000000
00000000
00000000
00000000
00000000
00111110
00111110
00111110
00111110
00111110
00111110
00000000
00000000
00000000
00000000
00000000
00000000
00000000
00000000
00000000
00000000
00000000
00000000
00000000
00000000
00000000
00000000
00111010
00111010
00111010
00111010
00111010
00111010
00000000
00000000
00000000
00000000
00000000
01100101
01100101
01100101
01100101
01100101
01100101
00000000
00000000
00000000
00000000
00000000
00101001
00101001
00101001
00101001
00101001
00101001
00000000
00000000
00000000
00000000
00000000
00101100
00101100
00101100
00101100
00101100
00101100
00000000
00000000
00000000
00000000
00000000
01110001
01110001
01110001
01110001
01110001
01110001
00000000
00000000
00000000
00000000
00000000
00000000
00000000
00000000
00000000
00000000
00000000
00000000
00000000
00000000
00000000
00000000
00111000
00111000
00111000
00111000
00111000
00111000
00000000
00000000
00000000
00000000
00000000
01010011
01010011
01010011
01010011
01010011
01010011
00000000
00000000
00000000
00000000
00000000
00110110
00110110
00110110
00110110
00110110
00110110
00000000
00000000
00000000
00000000
00000000
01000000
01000000
01000000
01000000
01000000
01000000
00000000
00000000
00000000
00000000
00000000
01110000
01110000
01110000
01110000
01110000
01110000
00000000
00000000
00000000
00000000
00000000
00000000
00000000
00000000
00000000
00000000
00000000
00000000
00000000
00000000
00000000
00000000
01000111
01000111
01000111
01000111
01000111
01000111
00000000
00000000
00000000
00000000
00000000
01011010
01011010
01011010
01011010
01011010
01011010
00000000
00000000
00000000
00000000
00000000
01100011
01100011
01100011
01100011
01100011
01100011
00000000
00000000
00000000
00000000
00000000
01100110
01100110
01100110
01100110
01100110
01100110
00000000
00000000
00000000
00000000
00000000
01101111
01101111
01101111
01101111
01101111
01101111
00000000
00000000
00000000
00000000
00000000
00000000
00000000
00000000
00000000
00000000
00000000
00000000
00000000
00000000
00000000
00000000
00111010
00111010
00111010
00111010
00111010
00111010
00000000
00000000
00000000
00000000
00000000
01000111
01000111
01000111
01000111
01000111
01000111
00000000
00000000
00000000
00000000
00000000
01010110
01010110
01010110
01010110
01010110
01010110
00000000
00000000
00000000
00000000
00000000
01101101
01101101
01101101
01101101
01101101
01101101
00000000
00000000
00000000
00000000
00000000
01110100
01110100
01110100
01110100
01110100
01110100
00000000
00000000
00000000
00000000
00000000
00000000
00000000
00000000
00000000
00000000
00000000
00000000
00000000
00000000
00000000
00000000
00111110
00111110
00111110
00111110
00111110
00111110
00000000
00000000
00000000
00000000
00000000
00101101
00101101
00101101
00101101
00101101
00101101
00000000
00000000
00000000
00000000
00000000
01010001
01010001
01010001
01010001
01010001
01010001
00000000
00000000
00000000
00000000
00000000
01001100
01001100
01001100
01001100
01001100
01001100
00000000
00000000
00000000
00000000
00000000
01101101
01101101
01101101
01101101
01101101
01101101
00000000
00000000
00000000
00000000
00000000
00000000
00000000
00000000
00000000
00000000
00000000
00000000
00000000
00000000
00000000
00000000
00111000
00111000
00111000
00111000
00111000
00111000
00000000
00000000
00000000
00000000
00000000
00101000
00101000
00101000
00101000
00101000
00101000
00000000
00000000
00000000
00000000
00000000
01000110
01000110
01000110
01000110
01000110
01000110
00000000
00000000
00000000
00000000
00000000
01011001
01011001
01011001
01011001
01011001
01011001
00000000
00000000
00000000
00000000
00000000
01110010
01110010
01110010
01110010
01110010
01110010
00000000
00000000
00000000
00000000
00000000
00000000
00000000
00000000
00000000
00000000
00000000
00000000
00000000
00000000
00000000
00000000
01000011
01000011
01000011
01000011
01000011
01000011
00000000
00000000
00000000
00000000
00000000
00011010
00011010
00011010
00011010
00011010
00011010
00000000
00000000
00000000
00000000
00000000
01111011
01111011
01111011
01111011
01111011
01111011
00000000
00000000
00000000
00000000
00000000
01011001
01011001
01011001
01011001
01011001
01011001
00000000
00000000
00000000
00000000
00000000
01110001
01110001
01110001
01110001
01110001
01110001
00000000
00000000
00000000
00000000
00000000
00000000
00000000
00000000
00000000
00000000
00000000
00000000
00000000
00000000
00000000
00000000
00111001
00111001
00111001
00111001
00111001
00111001
00000000
00000000
00000000
00000000
00000000
01011001
01011001
01011001
01011001
01011001
01011001
00000000
00000000
00000000
00000000
00000000
00010010
00010010
00010010
00010010
00010010
00010010
00000000
00000000
00000000
00000000
00000000
00010010
00010010
00010010
00010010
00010010
00010010
00000000
00000000
00000000
00000000
00000000
01111110
01111110
01111110
01111110
01111110
01111110
00000000
00000000
00000000
00000000
00000000
00000000
00000000
00000000
00000000
00000000
00000000
00000000
00000000
00000000
00000000
00000000
01000001
01000001
01000001
01000001
01000001
01000001
00000000
00000000
00000000
00000000
00000000
01101100
01101100
01101100
01101100
01101100
01101100
00000000
00000000
00000000
00000000
00000000
00010101
00010101
00010101
00010101
00010101
00010101
00000000
00000000
00000000
00000000
00000000
00110100
00110100
00110100
00110100
00110100
00110100
00000000
00000000
00000000
00000000
00000000
01111110
01111110
01111110
01111110
01111110
01111110
00000000
00000000
00000000
00000000
00000000
00000000
00000000
00000000
00000000
00000000
00000000
00000000
00000000
00000000
00000000
00000000
01001001
01001001
01001001
01001001
01001001
01001001
00000000
00000000
00000000
00000000
00000000
01101000
01101000
01101000
01101000
01101000
01101000
00000000
00000000
00000000
00000000
00000000
01100110
01100110
01100110
01100110
01100110
01100110
00000000
00000000
00000000
00000000
00000000
00100010
00100010
00100010
00100010
00100010
00100010
00000000
00000000
00000000
00000000
00000000
01111111
01111111
01111111
01111111
01111111
01111111
00000000
00000000
00000000
00000000
00000000
00000000
00000000
00000000
00000000
00000000
00000000
00000000
00000000
00000000
00000000
00000000
01000001
01000001
01000001
01000001
01000001
01000001
00000000
00000000
00000000
00000000
00000000
01010110
01010110
01010110
01010110
01010110
01010110
00000000
00000000
00000000
00000000
00000000
10000000
10000000
10000000
10000000
10000000
10000000
00000000
00000000
00000000
00000000
00000000
01010111
01010111
01010111
01010111
01010111
01010111
00000000
00000000
00000000
00000000
00000000
01111110
01111110
01111110
01111110
01111110
01111110
00000000
00000000
00000000
00000000
00000000
00000000
00000000
00000000
00000000
00000000
00000000
00000000
00000000
00000000
00000000
00000000
01000100
01000100
01000100
01000100
01000100
01000100
00000000
00000000
00000000
00000000
00000000
00001101
00001101
00001101
00001101
00001101
00001101
00000000
00000000
00000000
00000000
00000000
01101100
01101100
01101100
01101100
01101100
01101100
00000000
00000000
00000000
00000000
00000000
01011001
01011001
01011001
01011001
01011001
01011001
00000000
00000000
00000000
00000000
00000000
01111011
01111011
01111011
01111011
01111011
01111011
00000000
00000000
00000000
00000000
00000000
00000000
00000000
00000000
00000000
00000000
00000000
00000000
00000000
00000000
00000000
00000000
00111111
00111111
00111111
00111111
00111111
00111111
00000000
00000000
00000000
00000000
00000000
00001000
00001000
00001000
00001000
00001000
00001000
00000000
00000000
00000000
00000000
00000000
01111011
01111011
01111011
01111011
01111011
01111011
00000000
00000000
00000000
00000000
00000000
01011110
01011110
01011110
01011110
01011110
01011110
00000000
00000000
00000000
00000000
00000000
01111101
01111101
01111101
01111101
01111101
01111101
00000000
00000000
00000000
00000000
00000000
00000000
00000000
00000000
00000000
00000000
00000000
00000000
00000000
00000000
00000000
00000000
01001101
01001101
01001101
01001101
01001101
01001101
00000000
00000000
00000000
00000000
00000000
00110110
00110110
00110110
00110110
00110110
00110110
00000000
00000000
00000000
00000000
00000000
01111101
01111101
01111101
01111101
01111101
01111101
00000000
00000000
00000000
00000000
00000000
01010110
01010110
01010110
01010110
01010110
01010110
00000000
00000000
00000000
00000000
00000000
01111111
01111111
01111111
01111111
01111111
01111111
00000000
00000000
00000000
00000000
00000000
00000000
00000000
00000000
00000000
00000000
00000000
00000000
00000000
00000000
00000000
00000000
01100101
01100101
01100101
01100101
01100101
01100101
00000000
00000000
00000000
00000000
00000000
01101101
01101101
01101101
01101101
01101101
01101101
00000000
00000000
00000000
00000000
00000000
01110001
01110001
01110001
01110001
01110001
01110001
00000000
00000000
00000000
00000000
00000000
01001001
01001001
01001001
01001001
01001001
01001001
00000000
00000000
00000000
00000000
00000000
01111101
01111101
01111101
01111101
01111101
01111101
00000000
00000000
00000000
00000000
00000000
00000000
00000000
00000000
00000000
00000000
00000000
00000000
00000000
00000000
00000000
00000000
00111101
00111101
00111101
00111101
00111101
00111101
00000000
00000000
00000000
00000000
00000000
00110111
00110111
00110111
00110111
00110111
00110111
00000000
00000000
00000000
00000000
00000000
01101101
01101101
01101101
01101101
01101101
01101101
00000000
00000000
00000000
00000000
00000000
00011010
00011010
00011010
00011010
00011010
00011010
00000000
00000000
00000000
00000000
00000000
01111111
01111111
01111111
01111111
01111111
01111111
00000000
00000000
00000000
00000000
00000000
00000000
00000000
00000000
00000000
00000000
00000000
00000000
00000000
00000000
00000000
00000000
00111101
00111101
00111101
00111101
00111101
00111101
00000000
00000000
00000000
00000000
00000000
01100111
01100111
01100111
01100111
01100111
01100111
00000000
00000000
00000000
00000000
00000000
01101100
01101100
01101100
01101100
01101100
01101100
00000000
00000000
00000000
00000000
00000000
00011000
00011000
00011000
00011000
00011000
00011000
00000000
00000000
00000000
00000000
00000000
01111111
01111111
01111111
01111111
01111111
01111111
00000000
00000000
00000000
00000000
00000000
00000000
00000000
00000000
00000000
00000000
00000000
00000000
00000000
00000000
00000000
00000000
01011010
01011010
01011010
01011010
01011010
01011010
00000000
00000000
00000000
00000000
00000000
01110100
01110100
01110100
01110100
01110100
01110100
00000000
00000000
00000000
00000000
00000000
01100111
01100111
01100111
01100111
01100111
01100111
00000000
00000000
00000000
00000000
00000000
00011010
00011010
00011010
00011010
00011010
00011010
00000000
00000000
00000000
00000000
00000000
01111100
01111100
01111100
01111100
01111100
01111100
00000000
00000000
00000000
00000000
00000000
00000000
00000000
00000000
00000000
00000000
00000000
00000000
00000000
00000000
00000000
00000000
00110100
00110100
00110100
00110100
00110100
00110100
00000000
00000000
00000000
00000000
00000000
01100100
01100100
01100100
01100100
01100100
01100100
00000000
00000000
00000000
00000000
00000000
01101011
01101011
01101011
01101011
01101011
01101011
00000000
00000000
00000000
00000000
00000000
00011000
00011000
00011000
00011000
00011000
00011000
00000000
00000000
00000000
00000000
00000000
10000000
10000000
10000000
10000000
10000000
10000000
00000000
00000000
00000000
00000000
00000000
00000000
00000000
00000000
00000000
00000000
00000000
00000000
00000000
00000000
00000000
00000000
01100011
01100011
01100011
01100011
01100011
01100011
00000000
00000000
00000000
00000000
00000000
01001011
01001011
01001011
01001011
01001011
01001011
00000000
00000000
00000000
00000000
00000000
01100000
01100000
01100000
01100000
01100000
01100000
00000000
00000000
00000000
00000000
00000000
00011111
00011111
00011111
00011111
00011111
00011111
00000000
00000000
00000000
00000000
00000000
01111110
01111110
01111110
01111110
01111110
01111110
00000000
00000000
00000000
00000000
00000000
00000000
00000000
00000000
00000000
00000000
00000000
00000000
00000000
00000000
00000000
00000000
00111101
00111101
00111101
00111101
00111101
00111101
00000000
00000000
00000000
00000000
00000000
01100010
01100010
01100010
01100010
01100010
01100010
00000000
00000000
00000000
00000000
00000000
01011010
01011010
01011010
01011010
01011010
01011010
00000000
00000000
00000000
00000000
00000000
00011011
00011011
00011011
00011011
00011011
00011011
00000000
00000000
00000000
00000000
00000000
01111101
01111101
01111101
01111101
01111101
01111101
00000000
00000000
00000000
00000000
00000000
00000000
00000000
00000000
00000000
00000000
00000000
00000000
00000000
00000000
00000000
00000000
01001001
01001001
01001001
01001001
01001001
01001001
00000000
00000000
00000000
00000000
00000000
00010101
00010101
00010101
00010101
00010101
00010101
00000000
00000000
00000000
00000000
00000000
01100011
01100011
01100011
01100011
01100011
01100011
00000000
00000000
00000000
00000000
00000000
00010111
00010111
00010111
00010111
00010111
00010111
00000000
00000000
00000000
00000000
00000000
01111110
01111110
01111110
01111110
01111110
01111110
00000000
00000000
00000000
00000000
00000000
00000000
00000000
00000000
00000000
00000000
00000000
00000000
00000000
00000000
00000000
00000000
00110101
00110101
00110101
00110101
00110101
00110101
00000000
00000000
00000000
00000000
00000000
00011101
00011101
00011101
00011101
00011101
00011101
00000000
00000000
00000000
00000000
00000000
01001101
01001101
01001101
01001101
01001101
01001101
00000000
00000000
00000000
00000000
00000000
00010100
00010100
00010100
00010100
00010100
00010100
00000000
00000000
00000000
00000000
00000000
01111011
01111011
01111011
01111011
01111011
01111011
00000000
00000000
00000000
00000000
00000000
00000000
00000000
00000000
00000000
00000000
00000000
00000000
00000000
00000000
00000000
00000000
10000000
10000000
10000000
10000000
10000000
10000000
00000000
00000000
00000000
00000000
00000000
00010010
00010010
00010010
00010010
00010010
00010010
00000000
00000000
00000000
00000000
00000000
01100001
01100001
01100001
01100001
01100001
01100001
00000000
00000000
00000000
00000000
00000000
00100010
00100010
00100010
00100010
00100010
00100010
00000000
00000000
00000000
00000000
00000000
01111011
01111011
01111011
01111011
01111011
01111011
00000000
00000000
00000000
00000000
00000000
00000000
00000000
00000000
00000000
00000000
00000000
00000000
00000000
00000000
00000000
00000000
00011100
00011100
00011100
00011100
00011100
00011100
00000000
00000000
00000000
00000000
00000000
00100000
00100000
00100000
00100000
00100000
00100000
00000000
00000000
00000000
00000000
00000000
01011101
01011101
01011101
01011101
01011101
01011101
00000000
00000000
00000000
00000000
00000000
00010000
00010000
00010000
00010000
00010000
00010000
00000000
00000000
00000000
00000000
00000000
01010001
01010001
01010001
01010001
01010001
01010001
00000000
00000000
00000000
00000000
00000000
00000000
00000000
00000000
00000000
00000000
00000000
00000000
00000000
00000000
00000000
00000000
00010000
00010000
00010000
00010000
00010000
00010000
00000000
00000000
00000000
00000000
00000000
01111111
01111111
01111111
01111111
01111111
01111111
00000000
00000000
00000000
00000000
00000000
01011110
01011110
01011110
01011110
01011110
01011110
00000000
00000000
00000000
00000000
00000000
01011010
01011010
01011010
01011010
01011010
01011010
00000000
00000000
00000000
00000000
00000000
01001110
01001110
01001110
01001110
01001110
01001110
00000000
00000000
00000000
00000000
00000000
00000000
00000000
00000000
00000000
00000000
00000000
00000000
00000000
00000000
00000000
00000000
00001110
00001110
00001110
00001110
00001110
00001110
00000000
00000000
00000000
00000000
00000000
00111000
00111000
00111000
00111000
00111000
00111000
00000000
00000000
00000000
00000000
00000000
01010101
01010101
01010101
01010101
01010101
01010101
00000000
00000000
00000000
00000000
00000000
00110111
00110111
00110111
00110111
00110111
00110111
00000000
00000000
00000000
00000000
00000000
01100010
01100010
01100010
01100010
01100010
01100010
00000000
00000000
00000000
00000000
00000000
00000000
00000000
00000000
00000000
00000000
00000000
00000000
00000000
00000000
00000000
00000000
00011001
00011001
00011001
00011001
00011001
00011001
00000000
00000000
00000000
00000000
00000000
01110110
01110110
01110110
01110110
01110110
01110110
00000000
00000000
00000000
00000000
00000000
01100011
01100011
01100011
01100011
01100011
01100011
00000000
00000000
00000000
00000000
00000000
00111101
00111101
00111101
00111101
00111101
00111101
00000000
00000000
00000000
00000000
00000000
01101010
01101010
01101010
01101010
01101010
01101010
00000000
00000000
00000000
00000000
00000000
00000000
00000000
00000000
00000000
00000000
00000000
00000000
00000000
00000000
00000000
00000000
00010011
00010011
00010011
00010011
00010011
00010011
00000000
00000000
00000000
00000000
00000000
01110101
01110101
01110101
01110101
01110101
01110101
00000000
00000000
00000000
00000000
00000000
01011000
01011000
01011000
01011000
01011000
01011000
00000000
00000000
00000000
00000000
00000000
00111011
00111011
00111011
00111011
00111011
00111011
00000000
00000000
00000000
00000000
00000000
01100111
01100111
01100111
01100111
01100111
01100111
00000000
00000000
00000000
00000000
00000000
00000000
00000000
00000000
00000000
00000000
00000000
00000000
00000000
00000000
00000000
00000000
00010001
00010001
00010001
00010001
00010001
00010001
00000000
00000000
00000000
00000000
00000000
01111001
01111001
01111001
01111001
01111001
01111001
00000000
00000000
00000000
00000000
00000000
01011110
01011110
01011110
01011110
01011110
01011110
00000000
00000000
00000000
00000000
00000000
00111110
00111110
00111110
00111110
00111110
00111110
00000000
00000000
00000000
00000000
00000000
01101101
01101101
01101101
01101101
01101101
01101101
00000000
00000000
00000000
00000000
00000000
00000000
00000000
00000000
00000000
00000000
00000000
00000000
00000000
00000000
00000000
00000000
00001111
00001111
00001111
00001111
00001111
00001111
00000000
00000000
00000000
00000000
00000000
01000110
01000110
01000110
01000110
01000110
01000110
00000000
00000000
00000000
00000000
00000000
01011011
01011011
01011011
01011011
01011011
01011011
00000000
00000000
00000000
00000000
00000000
00111111
00111111
00111111
00111111
00111111
00111111
00000000
00000000
00000000
00000000
00000000
01001110
01001110
01001110
01001110
01001110
01001110
00000000
00000000
00000000
00000000
00000000
00000000
00000000
00000000
00000000
00000000
00000000
00000000
00000000
00000000
00000000
00000000
00010010
00010010
00010010
00010010
00010010
00010010
00000000
00000000
00000000
00000000
00000000
00111110
00111110
00111110
00111110
00111110
00111110
00000000
00000000
00000000
00000000
00000000
01101011
01101011
01101011
01101011
01101011
01101011
00000000
00000000
00000000
00000000
00000000
01000001
01000001
01000001
01000001
01000001
01000001
00000000
00000000
00000000
00000000
00000000
01110011
01110011
01110011
01110011
01110011
01110011
00000000
00000000
00000000
00000000
00000000
00000000
00000000
00000000
00000000
00000000
00000000
00000000
00000000
00000000
00000000
00000000
00011010
00011010
00011010
00011010
00011010
00011010
00000000
00000000
00000000
00000000
00000000
00101001
00101001
00101001
00101001
00101001
00101001
00000000
00000000
00000000
00000000
00000000
01101101
01101101
01101101
01101101
01101101
01101101
00000000
00000000
00000000
00000000
00000000
01000101
01000101
01000101
01000101
01000101
01000101
00000000
00000000
00000000
00000000
00000000
01110100
01110100
01110100
01110100
01110100
01110100
00000000
00000000
00000000
00000000
00000000
00000000
00000000
00000000
00000000
00000000
00000000
00000000
00000000
00000000
00000000
00000000
00011011
00011011
00011011
00011011
00011011
00011011
00000000
00000000
00000000
00000000
00000000
00100001
00100001
00100001
00100001
00100001
00100001
00000000
00000000
00000000
00000000
00000000
01101001
01101001
01101001
01101001
01101001
01101001
00000000
00000000
00000000
00000000
00000000
01000101
01000101
01000101
01000101
01000101
01000101
00000000
00000000
00000000
00000000
00000000
01101000
01101000
01101000
01101000
01101000
01101000
00000000
00000000
00000000
00000000
00000000
00000000
00000000
00000000
00000000
00000000
00000000
00000000
00000000
00000000
00000000
00000000
00011010
00011010
00011010
00011010
00011010
00011010
00000000
00000000
00000000
00000000
00000000
01011010
01011010
01011010
01011010
01011010
01011010
00000000
00000000
00000000
00000000
00000000
01101000
01101000
01101000
01101000
01101000
01101000
00000000
00000000
00000000
00000000
00000000
01001100
01001100
01001100
01001100
01001100
01001100
00000000
00000000
00000000
00000000
00000000
01110111
01110111
01110111
01110111
01110111
01110111
00000000
00000000
00000000
00000000
00000000
00000000
00000000
00000000
00000000
00000000
00000000
00000000
00000000
00000000
00000000
00000000
00011010
00011010
00011010
00011010
00011010
00011010
00000000
00000000
00000000
00000000
00000000
01001100
01001100
01001100
01001100
01001100
01001100
00000000
00000000
00000000
00000000
00000000
01101001
01101001
01101001
01101001
01101001
01101001
00000000
00000000
00000000
00000000
00000000
01011010
01011010
01011010
01011010
01011010
01011010
00000000
00000000
00000000
00000000
00000000
00111101
00111101
00111101
00111101
00111101
00111101
00000000
00000000
00000000
00000000
00000000
00000000
00000000
00000000
00000000
00000000
00000000
00000000
00000000
00000000
00000000
00000000
00001110
00001110
00001110
00001110
00001110
00001110
00000000
00000000
00000000
00000000
00000000
00011110
00011110
00011110
00011110
00011110
00011110
00000000
00000000
00000000
00000000
00000000
01100010
01100010
01100010
01100010
01100010
01100010
00000000
00000000
00000000
00000000
00000000
01011110
01011110
01011110
01011110
01011110
01011110
00000000
00000000
00000000
00000000
00000000
00111001
00111001
00111001
00111001
00111001
00111001
00000000
00000000
00000000
00000000
00000000
00000000
00000000
00000000
00000000
00000000
00000000
00000000
00000000
00000000
00000000
00000000
00010100
00010100
00010100
00010100
00010100
00010100
00000000
00000000
00000000
00000000
00000000
00010011
00010011
00010011
00010011
00010011
00010011
00000000
00000000
00000000
00000000
00000000
01101001
01101001
01101001
01101001
01101001
01101001
00000000
00000000
00000000
00000000
00000000
01100011
01100011
01100011
01100011
01100011
01100011
00000000
00000000
00000000
00000000
00000000
01000101
01000101
01000101
01000101
01000101
01000101
00000000
00000000
00000000
00000000
00000000
00000000
00000000
00000000
00000000
00000000
00000000
00000000
00000000
00000000
00000000
00000000
00100101
00100101
00100101
00100101
00100101
00100101
00000000
00000000
00000000
00000000
00000000
00100001
00100001
00100001
00100001
00100001
00100001
00000000
00000000
00000000
00000000
00000000
01011101
01011101
01011101
01011101
01011101
01011101
00000000
00000000
00000000
00000000
00000000
01101101
01101101
01101101
01101101
01101101
01101101
00000000
00000000
00000000
00000000
00000000
01101000
01101000
01101000
01101000
01101000
01101000
00000000
00000000
00000000
00000000
00000000
00000000
00000000
00000000
00000000
00000000
00000000
00000000
00000000
